
MODULATION = 1
source_length = 6144
rate_coding = 0.333116
SNR_begin=0.000000
SNR_step=0.100000N_ITERATION=1 
SNR_end=1.000000
Es/N0:
-4.774039 -4.674039 -4.574039 -4.474039 -4.374039 -4.274039 -4.174039 -4.074039 -3.974039 -3.874039 -3.774039 
Ber:
 0.1412983813  0.1336186727  0.1256735777  0.1177050715  0.1095242098  0.1016001302  0.0938658854  0.0858039551  0.0781285807  0.0703047852  0.0629157878 
 0.1101888021  0.0990015666  0.0855443710  0.0728464367  0.0607578295  0.0489443034  0.0383488770  0.0286050130  0.0205224772  0.0138673014  0.0089197591 
 0.0948159212  0.0802663167  0.0621118790  0.0450892952  0.0304967409  0.0182206868  0.0097232259  0.0043884115  0.0017247396  0.0005594238  0.0001686849 
 0.0854938981  0.0664596558  0.0438551683  0.0243548164  0.0111217828  0.0037564290  0.0009648763  0.0001846354  0.0000283040  0.0000043132  0.0000006836 
 0.0782909518  0.0551198324  0.0288887220  0.0109808362  0.0028290552  0.0004613770  0.0000489258  0.0000033529  0.0000002767  0.0000000651  0.0000000000 
 0.0729804943  0.0454788208  0.0183405950  0.0047067383  0.0006170118  0.0000474284  0.0000040853  0.0000001790  0.0000000814  0.0000000000  0.0000000000 
 0.0682604422  0.0369084676  0.0118765024  0.0021941036  0.0001497979  0.0000065430  0.0000002930  0.0000000326  0.0000002116  0.0000000000  0.0000000000 
 0.0638691023  0.0295664469  0.0078287760  0.0010670959  0.0000471458  0.0000009766  0.0000000326  0.0000000000  0.0000000000  0.0000000000  0.0000000000 

Bler:
1.0000000000 1.0000000000 1.0000000000 1.0000000000 1.0000000000 1.0000000000 1.0000000000 1.0000000000 1.0000000000 1.0000000000 1.0000000000 
1.0000000000 1.0000000000 1.0000000000 1.0000000000 1.0000000000 1.0000000000 1.0000000000 1.0000000000 1.0000000000 1.0000000000 0.9998000000 
1.0000000000 1.0000000000 1.0000000000 1.0000000000 1.0000000000 0.9995000000 0.9935000000 0.9431000000 0.7833000000 0.4966000000 0.2471000000 
1.0000000000 1.0000000000 1.0000000000 0.9979550102 0.9577442664 0.7880000000 0.4752000000 0.1812000000 0.0464000000 0.0097000000 0.0020000000 
1.0000000000 1.0000000000 0.9923076923 0.8384458078 0.5405278040 0.2024000000 0.0409000000 0.0058000000 0.0007000000 0.0002000000 0.0000000000 
1.0000000000 1.0000000000 0.8384615385 0.4703476483 0.1613257933 0.0248000000 0.0029000000 0.0003000000 0.0001000000 0.0000000000 0.0000000000 
0.9803921569 0.8750000000 0.5615384615 0.2024539877 0.0344015080 0.0034000000 0.0005000000 0.0001000000 0.0001000000 0.0000000000 0.0000000000 
0.9803921569 0.7812500000 0.3846153846 0.1022494888 0.0078542256 0.0006000000 0.0001000000 0.0000000000 0.0000000000 0.0000000000 0.0000000000 

throughput:
0.0000000000 0.0000000000 0.0000000000 0.0000000000 0.0000000000 0.0000000000 0.0065316953 0.0065316953 0.0000000000 0.0000000000 0.0000000000 ----------------------------------------------------------