0.200494
0.172542
0.160019
0.153067
0.148389
0.145006
0.142443
0.140441
0.138650
0.137319
0.136086
0.135049
0.134130
0.133317
0.132611
0.131966
0.131103
0.130746
0.129970
0.129574
0.128874
0.128524
0.127925
0.127529
0.127142
0.195402
0.164044
0.148795
0.139457
0.132705
0.127419
0.122964
0.119310
0.115910
0.113075
0.110266
0.107781
0.105457
0.103245
0.101138
0.099099
0.097156
0.095346
0.093533
0.091925
0.090173
0.088802
0.087322
0.086022
0.084768
0.190143
0.155412
0.137307
0.125260
0.116005
0.108243
0.101488
0.095233
0.089637
0.084113
0.079100
0.074068
0.069612
0.065111
0.061103
0.057385
0.053873
0.050829
0.047961
0.045488
0.043190
0.041247
0.039369
0.037866
0.036303
0.184627
0.146540
0.125445
0.110365
0.098380
0.087671
0.078225
0.069089
0.060821
0.052901
0.045631
0.039217
0.033380
0.028536
0.024431
0.021040
0.018262
0.015987
0.014125
0.012538
0.011315
0.010181
0.009291
0.008513
0.007869
0.179159
0.137822
0.113454
0.095702
0.080758
0.067514
0.055388
0.044395
0.034622
0.026324
0.019471
0.014211
0.010318
0.007498
0.005526
0.004120
0.003156
0.002458
0.001967
0.001613
0.001339
0.001123
0.000960
0.000818
0.000717
0.173606
0.128720
0.101299
0.080799
0.063345
0.048190
0.034799
0.023821
0.015210
0.009242
0.005379
0.003085
0.001776
0.001035
0.000623
0.000373
0.000236
0.000152
0.000098
0.000064
0.000046
0.000030
0.000022
0.000015
0.000012
0.167911
0.119711
0.089459
0.066471
0.047347
0.031439
0.018914
0.010252
0.004894
0.002185
0.000884
0.000359
0.000141
0.000057
0.000023
0.000011
0.000005
0.000004
0.000003
0.000003
0.000001
0.000001
0.000000
0.000000
0.000000
0.162239
0.110631
0.077723
0.053007
0.033101
0.018357
0.008609
0.003412
0.001162
0.000346
0.000100
0.000026
0.000009
0.000002
0.000001
0.000000
0.000000
0.000000
0.000000
0.000000
0.000000
0.000000
0.000000
0.000000
0.000000
0.156443
0.101589
0.066569
0.040667
0.021753
0.009452
0.003263
0.000871
0.000189
0.000036
0.000007
0.000002
0.000000
0.000000
0.000000
0.000000
0.000000
0.000000
0.000000
0.000000
0.000000
0.000000
0.000000
0.000000
0.000000
0.150645
0.092779
0.055989
0.030170
0.013279
0.004369
0.001037
0.000187
0.000024
0.000003
0.000001
0.000000
0.000000
0.000000
0.000000
0.000000
0.000000
0.000000
0.000000
0.000000
0.000000
0.000000
0.000000
0.000000
0.000000
0.144699
0.083954
0.046140
0.021364
0.007419
0.001770
0.000281
0.000033
0.000003
0.000000
0.000000
0.000000
0.000000
0.000000
0.000000
0.000000
0.000000
0.000000
0.000000
0.000000
0.000000
0.000000
0.000000
0.000000
0.000000
