0.201338
0.173846
0.160822
0.153814
0.149028
0.145468
0.142918
0.140671
0.139029
0.137476
0.136327
0.135281
0.134326
0.133484
0.132769
0.132043
0.131368
0.130843
0.130230
0.129727
0.129166
0.128675
0.128271
0.127774
0.127416
0.196294
0.165881
0.150096
0.140856
0.134050
0.128585
0.124333
0.120462
0.117260
0.114251
0.111540
0.109151
0.106788
0.104537
0.102361
0.100403
0.098436
0.096667
0.094883
0.093168
0.091575
0.090032
0.088599
0.087333
0.086010
0.191081
0.157317
0.138694
0.126668
0.117334
0.109551
0.102836
0.096642
0.091015
0.085608
0.080568
0.075689
0.071038
0.066604
0.062431
0.058548
0.055033
0.051887
0.048940
0.046389
0.044017
0.041925
0.040047
0.038354
0.036788
0.185815
0.148580
0.127302
0.112305
0.100296
0.089925
0.080415
0.071626
0.063274
0.055435
0.048145
0.041501
0.035632
0.030526
0.026164
0.022493
0.019494
0.016975
0.014871
0.013187
0.011761
0.010602
0.009560
0.008749
0.008075
0.180395
0.139727
0.115316
0.097616
0.082785
0.069740
0.057822
0.046821
0.037048
0.028379
0.021412
0.015756
0.011587
0.008456
0.006203
0.004661
0.003536
0.002740
0.002170
0.001730
0.001411
0.001175
0.000996
0.000855
0.000757
0.175021
0.130997
0.103574
0.083257
0.065917
0.050793
0.037464
0.026164
0.017308
0.010745
0.006463
0.003748
0.002199
0.001297
0.000791
0.000498
0.000322
0.000222
0.000148
0.000112
0.000081
0.000061
0.000046
0.000037
0.000030
0.169559
0.122182
0.092004
0.069388
0.050286
0.034253
0.021405
0.012113
0.006156
0.002907
0.001267
0.000538
0.000220
0.000094
0.000042
0.000018
0.000008
0.000003
0.000001
0.000000
0.000000
0.000000
0.000000
0.000000
0.000000
0.163795
0.112954
0.080303
0.055528
0.035804
0.020527
0.010180
0.004237
0.001526
0.000474
0.000136
0.000039
0.000012
0.000004
0.000001
0.000000
0.000000
0.000000
0.000000
0.000000
0.000000
0.000000
0.000000
0.000000
0.000000
0.158261
0.104362
0.069302
0.043545
0.024127
0.011210
0.004154
0.001211
0.000283
0.000058
0.000011
0.000003
0.000000
0.000000
0.000000
0.000000
0.000000
0.000000
0.000000
0.000000
0.000000
0.000000
0.000000
0.000000
0.000000
0.152718
0.095682
0.058988
0.033022
0.015374
0.005519
0.001462
0.000289
0.000045
0.000006
0.000001
0.000000
0.000000
0.000000
0.000000
0.000000
0.000000
0.000000
0.000000
0.000000
0.000000
0.000000
0.000000
0.000000
0.000000
0.146857
0.087110
0.049069
0.023934
0.008948
0.002405
0.000436
0.000059
0.000006
0.000001
0.000000
0.000000
0.000000
0.000000
0.000000
0.000000
0.000000
0.000000
0.000000
0.000000
0.000000
0.000000
0.000000
0.000000
0.000000
