0.199005
0.169724
0.157986
0.151287
0.146941
0.143775
0.141227
0.139310
0.137730
0.136435
0.135130
0.134296
0.133481
0.132690
0.131908
0.131282
0.130669
0.130109
0.129470
0.129025
0.128547
0.128047
0.127552
0.127203
0.126695
0.193503
0.160931
0.146420
0.137228
0.130608
0.125481
0.121195
0.117457
0.114282
0.111297
0.108685
0.105986
0.103738
0.101236
0.099247
0.096861
0.095143
0.093056
0.091521
0.089670
0.088192
0.086604
0.085336
0.083927
0.082783
0.187889
0.151882
0.133984
0.121968
0.112687
0.104707
0.097847
0.091376
0.085490
0.079748
0.074484
0.069411
0.064728
0.060320
0.056252
0.052609
0.049265
0.046333
0.043753
0.041372
0.039447
0.037555
0.035988
0.034509
0.033275
0.182522
0.142764
0.122050
0.106976
0.094883
0.083907
0.074339
0.064954
0.056527
0.048444
0.041487
0.035082
0.029796
0.025237
0.021691
0.018666
0.016306
0.014236
0.012724
0.011366
0.010319
0.009393
0.008639
0.007951
0.007451
0.176682
0.133437
0.109182
0.091180
0.075976
0.062451
0.050138
0.039159
0.029572
0.021757
0.015743
0.011305
0.008197
0.005936
0.004433
0.003311
0.002601
0.002001
0.001645
0.001297
0.001098
0.000902
0.000767
0.000670
0.000579
0.171065
0.124216
0.096842
0.076069
0.058215
0.042899
0.029687
0.019286
0.011646
0.006647
0.003759
0.002032
0.001163
0.000648
0.000402
0.000247
0.000161
0.000114
0.000077
0.000063
0.000039
0.000038
0.000024
0.000023
0.000015
0.165044
0.114456
0.084273
0.060685
0.041569
0.025777
0.014354
0.006965
0.003021
0.001206
0.000453
0.000178
0.000067
0.000029
0.000010
0.000005
0.000002
0.000001
0.000000
0.000000
0.000000
0.000000
0.000000
0.000000
0.000000
0.159000
0.105063
0.071971
0.046940
0.027617
0.013786
0.005700
0.001919
0.000563
0.000142
0.000038
0.000012
0.000005
0.000002
0.000001
0.000000
0.000000
0.000000
0.000000
0.000000
0.000000
0.000000
0.000000
0.000000
0.000000
0.153005
0.095782
0.060614
0.034879
0.016952
0.006398
0.001847
0.000392
0.000078
0.000013
0.000002
0.000001
0.000000
0.000000
0.000000
0.000000
0.000000
0.000000
0.000000
0.000000
0.000000
0.000000
0.000000
0.000000
0.000000
0.146861
0.086647
0.049791
0.024631
0.009427
0.002527
0.000465
0.000065
0.000008
0.000001
0.000000
0.000000
0.000000
0.000000
0.000000
0.000000
0.000000
0.000000
0.000000
0.000000
0.000000
0.000000
0.000000
0.000000
0.000000
0.140517
0.077524
0.040018
0.016581
0.004857
0.000887
0.000110
0.000011
0.000001
0.000000
0.000000
0.000000
0.000000
0.000000
0.000000
0.000000
0.000000
0.000000
0.000000
0.000000
0.000000
0.000000
0.000000
0.000000
0.000000
