0.199770
0.171225
0.158847
0.152220
0.147591
0.144270
0.141746
0.139658
0.138080
0.136703
0.135522
0.134589
0.133743
0.132918
0.132211
0.131443
0.130858
0.130347
0.129697
0.129232
0.128559
0.128167
0.127742
0.127218
0.126927
0.194530
0.162531
0.147481
0.138203
0.131527
0.126126
0.121778
0.117938
0.114854
0.111845
0.109086
0.106563
0.104142
0.101801
0.099716
0.097562
0.095578
0.093606
0.091878
0.090106
0.088534
0.087012
0.085629
0.084322
0.083069
0.189043
0.153775
0.135795
0.123869
0.114572
0.106750
0.099885
0.093725
0.087866
0.082388
0.077064
0.072199
0.067353
0.063075
0.058907
0.055282
0.051864
0.048929
0.046121
0.043720
0.041606
0.039721
0.038019
0.036516
0.035095
0.183610
0.144758
0.123742
0.108752
0.096714
0.085913
0.076323
0.067125
0.058660
0.050824
0.043629
0.037169
0.031629
0.026937
0.022982
0.019664
0.017018
0.014762
0.013009
0.011543
0.010371
0.009400
0.008526
0.007848
0.007221
0.177955
0.135690
0.111346
0.093548
0.078557
0.065216
0.053089
0.042002
0.032374
0.024207
0.017713
0.012816
0.009315
0.006797
0.005044
0.003786
0.002925
0.002323
0.001844
0.001531
0.001253
0.001062
0.000905
0.000784
0.000696
0.172251
0.126514
0.099067
0.078435
0.060839
0.045446
0.032339
0.021485
0.013457
0.007973
0.004637
0.002646
0.001546
0.000922
0.000591
0.000361
0.000249
0.000158
0.000114
0.000076
0.000053
0.000037
0.000029
0.000024
0.000018
0.166455
0.117057
0.086751
0.063681
0.044345
0.028596
0.016515
0.008548
0.003902
0.001637
0.000652
0.000251
0.000108
0.000048
0.000027
0.000013
0.000008
0.000004
0.000003
0.000001
0.000000
0.000000
0.000000
0.000000
0.000000
0.160745
0.107910
0.074895
0.050113
0.030456
0.016161
0.007137
0.002606
0.000808
0.000214
0.000061
0.000017
0.000005
0.000002
0.000001
0.000001
0.000000
0.000000
0.000000
0.000000
0.000000
0.000000
0.000000
0.000000
0.000000
0.154740
0.098593
0.063526
0.037801
0.019278
0.007834
0.002465
0.000582
0.000115
0.000018
0.000003
0.000001
0.000000
0.000000
0.000000
0.000000
0.000000
0.000000
0.000000
0.000000
0.000000
0.000000
0.000000
0.000000
0.000000
0.148603
0.089702
0.052925
0.027530
0.011330
0.003463
0.000732
0.000125
0.000017
0.000002
0.000000
0.000000
0.000000
0.000000
0.000000
0.000000
0.000000
0.000000
0.000000
0.000000
0.000000
0.000000
0.000000
0.000000
0.000000
0.142752
0.080801
0.043016
0.018896
0.006033
0.001270
0.000175
0.000018
0.000002
0.000000
0.000000
0.000000
0.000000
0.000000
0.000000
0.000000
0.000000
0.000000
0.000000
0.000000
0.000000
0.000000
0.000000
0.000000
0.000000
