0.199426
0.170485
0.158517
0.151808
0.147411
0.144196
0.141620
0.139675
0.138048
0.136773
0.135584
0.134649
0.133783
0.132949
0.132329
0.131591
0.131063
0.130392
0.129871
0.129359
0.128800
0.128377
0.127883
0.127479
0.126985
0.194062
0.161781
0.147075
0.137840
0.131029
0.125765
0.121479
0.117754
0.114508
0.111547
0.108765
0.106253
0.103943
0.101528
0.099462
0.097230
0.095383
0.093390
0.091657
0.089883
0.088309
0.086952
0.085584
0.084169
0.083096
0.188663
0.153030
0.135198
0.123366
0.114020
0.106257
0.099382
0.093125
0.087220
0.081770
0.076417
0.071438
0.066620
0.062360
0.058161
0.054485
0.051117
0.048163
0.045475
0.043107
0.040959
0.039045
0.037407
0.035838
0.034511
0.182987
0.143726
0.122824
0.107773
0.095708
0.084834
0.075189
0.065919
0.057482
0.049520
0.042327
0.035936
0.030540
0.025927
0.022133
0.018981
0.016416
0.014338
0.012602
0.011238
0.010039
0.009114
0.008283
0.007596
0.007013
0.177338
0.134630
0.110352
0.092480
0.077286
0.063698
0.051495
0.040407
0.030787
0.022800
0.016560
0.011888
0.008561
0.006274
0.004636
0.003533
0.002717
0.002151
0.001710
0.001399
0.001173
0.000974
0.000855
0.000737
0.000668
0.171666
0.125276
0.098061
0.077226
0.059572
0.044250
0.030938
0.020326
0.012443
0.007283
0.004053
0.002262
0.001273
0.000724
0.000441
0.000264
0.000187
0.000117
0.000082
0.000052
0.000033
0.000023
0.000013
0.000009
0.000003
0.165786
0.115848
0.085547
0.062404
0.043097
0.027410
0.015624
0.007867
0.003540
0.001469
0.000577
0.000228
0.000092
0.000036
0.000015
0.000006
0.000003
0.000001
0.000000
0.000000
0.000000
0.000000
0.000000
0.000000
0.000000
0.159886
0.106580
0.073679
0.048698
0.029177
0.015034
0.006454
0.002238
0.000679
0.000180
0.000048
0.000011
0.000002
0.000001
0.000000
0.000000
0.000000
0.000000
0.000000
0.000000
0.000000
0.000000
0.000000
0.000000
0.000000
0.153797
0.097201
0.062069
0.036406
0.018098
0.007094
0.002102
0.000468
0.000087
0.000012
0.000002
0.000000
0.000000
0.000000
0.000000
0.000000
0.000000
0.000000
0.000000
0.000000
0.000000
0.000000
0.000000
0.000000
0.000000
0.147827
0.088177
0.051502
0.026133
0.010404
0.002954
0.000577
0.000079
0.000010
0.000001
0.000000
0.000000
0.000000
0.000000
0.000000
0.000000
0.000000
0.000000
0.000000
0.000000
0.000000
0.000000
0.000000
0.000000
0.000000
0.141788
0.079323
0.041710
0.017876
0.005484
0.001094
0.000139
0.000015
0.000002
0.000000
0.000000
0.000000
0.000000
0.000000
0.000000
0.000000
0.000000
0.000000
0.000000
0.000000
0.000000
0.000000
0.000000
0.000000
0.000000
